	4000 atoms  6912 atoms	   10976 atoms	    16384 atoms
r       g(r)     r      g(r)     r     g(r)     r      g(r)
0.05	0	0.05	0	0.05	0	0.05	0
0.15	0	0.15	0	0.15	0	0.15	0
0.25	0	0.25	0	0.25	0	0.25	0
0.35	0	0.35	0	0.35	0	0.35	0
0.45	0	0.45	0	0.45	0	0.45	0
0.55	0	0.55	0	0.55	0	0.55	0
0.65	0	0.65	0	0.65	0	0.65	0
0.75	0	0.75	0	0.75	0	0.75	0
0.85	0	0.85	0	0.85	0	0.85	0
0.95	0	0.95	0	0.95	0	0.95	0
1.05	0	1.05	0	1.05	0	1.05	0
1.15	0	1.15	0	1.15	0	1.15	0
1.25	0	1.25	0	1.25	0	1.25	0
1.35	0	1.35	0	1.35	0	1.35	0
1.45	0	1.45	0	1.45	0	1.45	0
1.55	0	1.55	0	1.55	0	1.55	0
1.65	0	1.65	0	1.65	0	1.65	0
1.75	0	1.75	0	1.75	0	1.75	0
1.85	0	1.85	0	1.85	0	1.85	0
1.95	0	1.95	0	1.95	0	1.95	0
2.05	0.0058306215	2.05	0.00267	2.05	0.0028331494	2.05	0.0052194692
2.15	0.2261737471	2.15	0.27632	2.15	0.1918953188	2.15	0.2109507796
2.25	2.2410583094	2.25	2.31945	2.25	1.816875979	2.25	1.9860665828
2.35	4.9385857077	2.35	5.02353	2.35	5.161622116	2.35	5.1597429276
2.45	4.7587249542	2.45	4.58641	2.45	5.305838812	2.45	5.1123102444
2.55	2.7924851861	2.55	2.82597	2.55	2.8566162202	2.55	2.7895999007
2.65	1.4434971491	2.65	1.4408	2.65	1.2212464104	2.65	1.2537614404
2.75	0.7496070444	2.75	0.75416	2.75	0.5676169321	2.75	0.6318311808
2.85	0.4545603913	2.85	0.458	2.85	0.3228828342	2.85	0.3751600298
2.95	0.3013053514	2.95	0.31159	2.95	0.2356877051	2.95	0.2685774069
3.05	0.2792389319	3.05	0.25536	3.05	0.2230475818	3.05	0.2458964835
3.15	0.2848432608	3.15	0.27329	3.15	0.2862161382	3.15	0.2815840411
3.25	0.3534293772	3.25	0.34266	3.25	0.3911936572	3.25	0.3838520604
3.35	0.4178086823	3.35	0.44033	3.35	0.5496309907	3.35	0.5301013053
3.45	0.5366925756	3.45	0.51685	3.45	0.6682995692	3.45	0.6182800774
3.55	0.6092981519	3.55	0.55927	3.55	0.6578745708	3.55	0.6114756636
3.65	0.589247738	3.65	0.5997	3.65	0.5526046635	3.65	0.5648087206
3.75	0.678487736	3.75	0.68528	3.75	0.5508360361	3.75	0.6041556069
3.85	0.918707274	3.85	0.94196	3.85	0.6804572564	3.85	0.7518617732
3.95	1.1722605152	3.95	1.23242	3.95	0.9822555122	3.95	1.0453391159
4.05	1.4477725942	4.05	1.42987	4.05	1.4352840979	4.05	1.4409548387
4.15	1.5899161946	4.15	1.58822	4.15	1.8936447053	4.15	1.7902750725
4.25	1.5802013709	4.25	1.53546	4.25	1.9039809849	4.25	1.7936979066
4.35	1.4509695647	4.35	1.39876	4.35	1.5119209016	4.35	1.4650236738
4.45	1.2408719406	4.45	1.23757	4.45	1.1366958207	4.45	1.1940633675
4.55	1.208237586	4.55	1.20326	4.55	1.0757781102	4.55	1.1229851255
4.65	1.2403254911	4.65	1.2526	4.65	1.1668643903	4.65	1.2000946939
4.75	1.2244971362	4.75	1.22327	4.75	1.2053373523	4.75	1.205609751
4.85	1.0123416994	4.85	1.06568	4.85	1.0581876377	4.85	1.0680602409
4.95	0.8711675129	4.95	0.8726	4.95	0.8385966241	4.95	0.8495285864
5.05	0.7063160522	5.05	0.68459	5.05	0.6456691466	5.05	0.6562903369
5.15	0.605848011	5.15	0.58179	5.15	0.5762767309	5.15	0.6069133993
5.25	0.5746898168	5.25	0.57366	5.25	0.5832642331	5.25	0.588427708
5.35	0.5965042026	5.35	0.61232	5.35	0.6961517828	5.35	0.6403579197
5.45	0.6853781879	5.45	0.6523	5.45	0.7572383536	5.45	0.730082067
5.55	0.740731221	5.55	0.73196	5.55	0.8114804049	5.55	0.7882483381
5.65	0.8314361601	5.65	0.85653	5.65	0.8688095179	5.65	0.8593693178
5.75	0.9529945855	5.75	0.98799	5.75	0.9199835898	5.75	0.9416375082
5.85	1.0608138294	5.85	1.10676	5.85	1.0158965523	5.85	1.0523854216
5.95	1.1853670244	5.95	1.22371	5.95	1.0957300809	5.95	1.1216428385
6.05	1.2793016934	6.05	1.28829	6.05	1.1567602603	6.05	1.1866559975
6.15	1.3075853506	6.15	1.3137	6.15	1.1880072602	6.15	1.2165615911
6.25	1.280926538	6.25	1.2872	6.25	1.2894624916	6.25	1.2816923981
6.35	1.2615656912	6.35	1.25504	6.35	1.3989021963	6.35	1.3369064982
6.45	1.2313913603	6.45	1.20969	6.45	1.3975108868	6.45	1.3194566417
6.55	1.1369554962	6.55	1.12263	6.55	1.2608610084	6.55	1.2209949043
6.65	1.0293120646	6.65	1.05136	6.65	1.0556637366	6.65	1.0516856059
6.75	0.9411276084	6.75	0.93854	6.75	0.8968094732	6.75	0.926861626
6.85	0.9011411909	6.85	0.90704	6.85	0.8229139851	6.85	0.8569830583
6.95	0.8846980055	6.95	0.90456	6.95	0.8009446502	6.95	0.8424092431
7.05	0.8658600072	7.05	0.86487	7.05	0.8298373741	7.05	0.8444428436
7.15	0.8609855329	7.15	0.84019	7.15	0.8389917999	7.15	0.8292973767
7.25	0.8162613795	7.25	0.81782	7.25	0.8412684568	7.25	0.824146473
7.35	0.8035771937	7.35	0.82247	7.35	0.8326407594	7.35	0.825649245
7.45	0.8238035719	7.45	0.82538	7.45	0.8474495547	7.45	0.840932991
7.55	0.864323868	7.55	0.85733	7.55	0.8834881871	7.55	0.8818540232
7.65	0.9173940735	7.65	0.9061	7.65	0.9360350072	7.65	0.9194418671
7.75	1.0073066638	7.75	0.99854	7.75	0.9871792312	7.75	0.9830337916
7.85	1.0757980866	7.85	1.07165	7.85	1.0561562188	7.85	1.0733370142
7.95	1.1312400058	7.95	1.16879	7.95	1.1220316213	7.95	1.1395963939
8.05	1.1911759965	8.05	1.18645	8.05	1.1653083112	8.05	1.1784617819
8.15	1.1909038401	8.15	1.17995	8.15	1.1543678185	8.15	1.1653941629
8.25	1.1443249394	8.25	1.12748	8.25	1.1128621116	8.25	1.1440241719
8.35	1.1344212849	8.35	1.12041	8.35	1.0992619814	8.35	1.1058022965
8.45	1.1023529341	8.45	1.10943	8.45	1.0746907486	8.45	1.0795891064
8.55	1.0577203694	8.55	1.0542	8.55	1.0864741827	8.55	1.0772647373
8.65	1.0061105838	8.65	0.99911	8.65	1.0794438505	8.65	1.044664352
8.75	0.9686274564	8.75	0.98636	8.75	1.05055698	8.75	1.0160516762
8.85	0.9562487321	8.85	0.92771	8.85	0.9817925967	8.85	0.9617458194
8.95	0.898386984	8.95	0.90709	8.95	0.9155989811	8.95	0.9205054068
9.05	0.8924076612	9.05	0.86759	9.05	0.8746846734	9.05	0.8754368014
9.15	0.8857906615	9.15	0.88675	9.15	0.8411266717	9.15	0.8665783827
9.25	0.8894657189	9.25	0.90356	9.25	0.8509093479	9.25	0.8637237941
9.35	0.8998836381	9.35	0.89959	9.35	0.8911411377	9.35	0.8835150991
9.45	0.9268617103	9.45	0.93035	9.45	0.91882039	9.45	0.9214419575
9.55	0.9483084744	9.55	0.9262	9.55	0.9415275695	9.55	0.9407999196
9.65	0.9743740041	9.65	0.96053	9.65	0.9727560583	9.65	0.9770667848
9.75	1.007426003	9.75	1.03512	9.75	1.006614498	9.75	1.0069978343
9.85	1.0554449275	9.85	1.08397	9.85	1.0513319006	9.85	1.0494966696
9.95	1.0906950957	9.95	1.09036	9.95	1.0901179656	9.95	1.0879970516
